0	0.0362952386151
1	0.0944727561442
2	-0.126375975967
3	0.0392228609942
4	0.00146635220536
5	0.0212730152112
6	0.0305204790972
7	0.0666571719554
8	0.121844708417
9	0.0572825992308
10	0.0838037908978
11	0.160250706282
12	0.205270813255
13	0.140904410362
14	0.0988177601406
15	0.0732263539701
16	0.121712280028
17	0.158947190002
18	0.140693799099
19	0.227745239733
20	0.229976746227
21	0.253273619318
22	0.223517998997
23	0.213459198535
24	0.221272085817
25	0.201021018938
26	0.224230845402
27	0.34604001348
28	0.251888024023
29	0.388693174783
30	0.302276562889
31	0.295493696348
32	0.34574978195
33	0.2790466575
34	0.371973117455
35	0.31365895881
36	0.377470992571
37	0.246256484925
38	0.411423617459
39	0.42896310156
40	0.439612978548
41	0.388710192001
42	0.43572532788
43	0.481176993302
44	0.433140020161
45	0.395378734076
46	0.536383750612
47	0.423229511587
48	0.521260305356
49	0.485499644313
50	0.448283289638
51	0.510718426553
52	0.478600449497
53	0.491135531806
54	0.498166685353
55	0.426654535357
56	0.566364047304
57	0.52419768032
58	0.579516302118
59	0.573364645923
60	0.607879648292
61	0.581317605137
62	0.578525095636
63	0.651265995267
64	0.503942257426
65	0.632581618195
66	0.668899264584
67	0.648110742905
68	0.563983337794
69	0.681989687643
70	0.66916184086
71	0.636606125743
72	0.805273349329
73	0.692344060859
74	0.619426843562
75	0.649364396904
76	0.762358251982
77	0.672939376089
78	0.701094840506
79	0.681829775385
80	0.643104181764
81	0.645649478926
82	0.658597201363
83	0.798033860007
84	0.704929700492
85	0.811130434059
86	0.779225101025
87	0.790034816504
88	0.825763610674
89	0.711542579714
90	0.787774260031
91	0.813905040866
92	0.874258487538
93	0.816941676382
94	0.800941173233
95	0.887897541063
96	0.796566535441
97	0.799140342236
98	0.870126599376
99	0.882936051805
100	0.829620579191
101	0.780603185474
102	0.847986073856
103	0.746036314656
104	0.931668697158
105	0.898777925403
106	0.873563013966
107	0.885771281465
108	0.805984664065
109	0.944753287875
110	0.961645481605
111	0.971256448011
112	0.834141994937
113	0.868413075697
114	0.913783069542
115	0.959976060381
116	0.924888430427
117	0.893527135719
118	0.909109299485
119	0.958445444848
120	0.874130528366
121	0.917266565145
122	0.974252701317
123	0.969271384594
124	0.989224982945
125	1.01832775179
126	1.02424409553
127	0.975127158713
128	0.915721182026
129	0.891501823882
130	0.898578527234
131	1.04846064993
132	0.859679707049
133	0.975237042459
134	0.989625070812
135	1.04546248993
136	1.01473120861
137	0.907136380144
138	1.00366833365
139	0.974045541997
140	0.963513590058
141	0.876916639524
142	1.05876726952
143	0.942706894212
144	1.04151100368
145	1.04236618272
146	1.03990222153
147	0.936841704478
148	1.02307171502
149	0.931319706184
150	1.04807959247
151	0.958105915054
152	0.995996738403
153	0.982921681224
154	0.980802121379
155	1.04370490229
156	1.02633518861
157	0.980477794928
158	0.994475657436
159	1.00015561745
160	1.035723507
161	0.954147920918
162	1.02848515484
163	1.0110133582
164	1.01480994935
165	1.04807511145
166	0.993660121166
167	0.959155875982
168	0.958776757977
169	1.03497603849
170	0.995556246969
171	0.943910932358
172	0.918320552037
173	0.977795063698
174	0.980611862283
175	0.964856456802
176	0.962895056776
177	0.967411978067
178	1.12194338988
179	1.03546027046
180	0.957750138891
181	0.990169858911
182	0.945795683456
183	0.890658531135
184	0.968640509773
185	0.995517560666
186	1.07689703449
187	0.861799718195
188	1.00718094751
189	0.965172732909
190	0.894975236416
191	0.97963061464
192	0.887824412861
193	0.943931459691
194	0.930535449558
195	0.900870519752
196	0.914933469691
197	0.958528941373
198	0.84599408342
199	0.827938512269
200	0.915824868328
201	0.956222421247
202	0.87557634767
203	0.870878208377
204	0.935493954339
205	0.83566629976
206	0.820864089643
207	0.894741686821
208	0.847313322328
209	0.913199373761
210	0.748418152071
211	0.855635162727
212	0.883818772151
213	0.803635067553
214	0.78495984427
215	0.805656124588
216	0.958597052323
217	0.791895809293
218	0.823533441374
219	0.803012746594
220	0.763374535103
221	0.804448927384
222	0.665837442103
223	0.871456549696
224	0.874099275606
225	0.752846511225
226	0.707433450935
227	0.788283791768
228	0.793387182652
229	0.688678661283
230	0.720070175257
231	0.781314424034
232	0.731523600212
233	0.706847395653
234	0.709912629982
235	0.66109529068
236	0.752301981172
237	0.679278046831
238	0.663649697266
239	0.725024915067
240	0.615214901367
241	0.744252854189
242	0.620056836433
243	0.671825073228
244	0.626822828779
245	0.645882943626
246	0.587411471202
247	0.620275790711
248	0.589780431847
249	0.60386099274
250	0.651773330977
251	0.571114235977
252	0.598079609529
253	0.549603889354
254	0.55766962458
255	0.552025448316
256	0.550219655732
257	0.556342525552
258	0.566739283909
259	0.52815384566
260	0.507927632962
261	0.443458613702
262	0.593464931656
263	0.479020686695
264	0.544898362381
265	0.475711270443
266	0.460378849061
267	0.460649565067
268	0.388147519552
269	0.397231413987
270	0.433866600514
271	0.291353158337
272	0.426737271622
273	0.316056722747
274	0.33052522841
275	0.338804641985
276	0.399553354283
277	0.335490383208
278	0.356077960013
279	0.378977277133
280	0.304385372466
281	0.307502187358
282	0.424370687414
283	0.397692143511
284	0.27411088763
285	0.284566727666
286	0.252619226197
287	0.244538179745
288	0.273036340472
289	0.272394823493
290	0.173537464995
291	0.256301718627
292	0.273729176904
293	0.207873651089
294	0.0974797196972
295	0.0945957832121
296	0.202376505322
297	0.151935442377
298	0.157027448807
299	0.0832550596843
300	0.188910656573
301	0.0999764985222
302	0.142862907569
303	0.0915933651759
304	0.0553324070466
305	0.0861227926564
306	0.113197653448
307	0.118419457542
308	-0.00901267591413
309	0.0864502888461
310	0.111787382614
311	-0.0140444633417
312	0.108471557664
313	0.0687595377031
314	0.000506498699063
315	-0.0176717408461
316	0.0783543446517
317	0.028653726053
318	0.0356191193181
319	-0.0120735926573
320	-0.0852303736858
321	-0.0774726945034
322	-0.0722119541361
323	-0.143676205422
324	-0.0777028857959
325	0.0606964441892
326	-0.0809165418602
327	-0.177633619143
328	-0.0191153759757
329	-0.104090566568
330	-0.129242379908
331	-0.140764730474
332	-0.23609282498
333	-0.115105489635
334	-0.231488826624
335	-0.302341011466
336	-0.163206574443
337	-0.192642680093
338	-0.25290959963
339	-0.21842794782
340	-0.236254625487
341	-0.352167446927
342	-0.324859003695
343	-0.25837238383
344	-0.338159158473
345	-0.266022092334
346	-0.296884059198
347	-0.278846071087
348	-0.293876624752
349	-0.307423634179
350	-0.347141722069
351	-0.330737863821
352	-0.355071303531
353	-0.352504031556
354	-0.399549459622
355	-0.40633238612
356	-0.425518710644
357	-0.467803045675
358	-0.484858239203
359	-0.414246758732
360	-0.395739453027
361	-0.404434043731
362	-0.481818724195
363	-0.496764482856
364	-0.405560365475
365	-0.504217900715
366	-0.439822679543
367	-0.592066654777
368	-0.503681145912
369	-0.537416252273
370	-0.61633065574
371	-0.56307462637
372	-0.507904368523
373	-0.634084747698
374	-0.554669882905
375	-0.516672216396
376	-0.61673885301
377	-0.529788714163
378	-0.642389684725
379	-0.635484461387
380	-0.566129197373
381	-0.641909191591
382	-0.655655275433
383	-0.674020403698
384	-0.608989135871
385	-0.713443870336
386	-0.692144016635
387	-0.620351765119
388	-0.744110370028
389	-0.634919642608
390	-0.664647985369
391	-0.746624808535
392	-0.673156237195
393	-0.646565051783
394	-0.681929300025
395	-0.820671228951
396	-0.713404712469
397	-0.7615269393
398	-0.65123602931
399	-0.723704093447
400	-0.758634693643
401	-0.767178055766
402	-0.777569003393
403	-0.74029581212
404	-0.840772452635
405	-0.82844990517
406	-0.760686976952
407	-0.771785583504
408	-0.779774874604
409	-0.785823164332
410	-0.805448742476
411	-0.804705217381
412	-0.835345349043
413	-0.96365459359
414	-0.839330369461
415	-0.871691228089
416	-0.775029309614
417	-0.806795215081
418	-0.824833029454
419	-0.95805790065
420	-0.871838850689
421	-0.909790887789
422	-0.879471471447
423	-0.923564687904
424	-0.838791911595
425	-0.980422458727
426	-0.867146358974
427	-0.921723446827
428	-0.882743174815
429	-0.952555830046
430	-0.862826540768
431	-0.88492332902
432	-0.913658216788
433	-0.993098047177
434	-0.902533522834
435	-0.939558482289
436	-0.924922308998
437	-0.819594064618
438	-0.901405930413
439	-0.942330080848
440	-1.00476751627
441	-0.963944105529
442	-0.960503968164
443	-0.955990806766
444	-0.968700847643
445	-1.00517669333
446	-0.981084917547
447	-0.922572628517
448	-1.01056669412
449	-1.01317706579
450	-1.01062364027
451	-1.03294655541
452	-0.921553000276
453	-1.02442840456
454	-0.999207343646
455	-0.971680737084
456	-1.06201596869
457	-0.942110270771
458	-1.06623297307
459	-0.867306329469
460	-0.931975281109
461	-0.891830790017
462	-0.971902711335
463	-0.992200344484
464	-0.888421468325
465	-1.00838738944
466	-0.94292430685
467	-1.05911473207
468	-0.985413441448
469	-0.973650047605
470	-0.967784806797
471	-1.11102709864
472	-1.06078060526
473	-1.02125110727
474	-1.03126743322
475	-0.934897204665
476	-0.890108632892
477	-0.999791470113
478	-1.10357612123
479	-1.00181302037
480	-1.00748319062
481	-0.94789796077
482	-0.979008879903
483	-0.930683436631
484	-1.02984824413
485	-0.979914735859
486	-0.876270148604
487	-0.965875363115
488	-0.998817788489
489	-1.01765769854
490	-0.900287948842
491	-0.985685506069
492	-0.984198248682
493	-0.974088183667
494	-0.952886323435
495	-1.00286837723
496	-0.957800374924
497	-0.996715239087
498	-0.89843252544
499	-0.954528890712
500	-0.987180569923
501	-0.911071795959
502	-0.972934104965
503	-0.938187742368
504	-0.907218750147
505	-0.899067795891
506	-0.957163901803
507	-0.936535340951
508	-0.920088753199
509	-0.907162568521
510	-0.927101697149
511	-1.05685155001
512	-0.993067395611
513	-0.951900113675
514	-0.89136202216
515	-0.883887833327
516	-0.886610258873
517	-1.00189168891
518	-0.883752272732
519	-0.902255070559
520	-0.848486973072
521	-0.864584655271
522	-0.84068965794
523	-0.865560671558
524	-0.845633801799
525	-0.86351236743
526	-0.778753527328
527	-0.81817549023
528	-0.845623700081
529	-0.813936266305
530	-0.93494926703
531	-0.813724717209
532	-0.855538540091
533	-0.801165011545
534	-0.773532500021
535	-0.812127551109
536	-0.743437885846
537	-0.816286044436
538	-0.866515966118
539	-0.798330369465
540	-0.774320655919
541	-0.828342606969
542	-0.792762308642
543	-0.777242061733
544	-0.754809612871
545	-0.864189139379
546	-0.715199482537
547	-0.710788471229
548	-0.646204613162
549	-0.764240701472
550	-0.661913424506
551	-0.640700118331
552	-0.637871409226
553	-0.726128418704
554	-0.659906685471
555	-0.679649834567
556	-0.638946480473
557	-0.675694666447
558	-0.661142004929
559	-0.633245203448
560	-0.536727922502
561	-0.594498135451
562	-0.537289333186
563	-0.609661569779
564	-0.500164214689
565	-0.578632255311
566	-0.644017629389
567	-0.627396836814
568	-0.523089211451
569	-0.561486170983
570	-0.593874711493
571	-0.547429346216
572	-0.443320301645
573	-0.530836589325
574	-0.482992455146
575	-0.508941994644
576	-0.474616434974
577	-0.474898356719
578	-0.481591620452
579	-0.400562427749
580	-0.468447410032
581	-0.452094489344
582	-0.493703623332
583	-0.387737878484
584	-0.430041013273
585	-0.448817563255
586	-0.432135852952
587	-0.4136692436
588	-0.469435386002
589	-0.376140189796
590	-0.306122884561
591	-0.382305965888
592	-0.350258368284
593	-0.377484001614
594	-0.286149268389
595	-0.347767462764
596	-0.349598464414
597	-0.26656240658
598	-0.347720851022
599	-0.253038071802
600	-0.236886333839
601	-0.310998440717
602	-0.20218879144
603	-0.263455302123
604	-0.165386617082
605	-0.267508643531
606	-0.220840358945
607	-0.155132141756
608	-0.172259948968
609	-0.131807744989
610	-0.159181463464
611	-0.224467221165
612	-0.231415478677
613	-0.224037804727
614	-0.116846723021
615	-0.0295367193418
616	-0.164720595237
617	-0.0921742999665
618	-0.0704243096025
619	-0.0694544596122
620	-0.0831036043662
621	-0.113448603003
622	-0.102435588171
623	-0.0151209793497
624	-0.097586029725
625	-0.0362262373449
626	0.00985657586007
627	0.0528772977834
628	-0.0518704281417
629	0.0295987077535
630	0.00805089645441
631	0.0188687781429
632	0.0711820724801
633	0.113313975067
634	0.013073587544
635	0.0986844146263
636	0.207893097758
637	0.0691177973552
638	0.097257211482
639	0.145796250213
640	0.0869578334762
641	0.151962876217
642	0.249959350465
643	0.149934363139
644	0.17814885253
645	0.125537535943
646	0.14543585787
647	0.165082068564
648	0.200500084731
649	0.145779766178
650	0.188032727729
651	0.244251885537
652	0.255047622475
653	0.293817632333
654	0.329666221043
655	0.159791075778
656	0.275480849313
657	0.408307393391
658	0.237071484523
659	0.309338505142
660	0.310088837272
661	0.376503824612
662	0.271466023394
663	0.35939006568
664	0.378156792331
665	0.396704463912
666	0.448152817392
667	0.425768359821
668	0.264037666466
669	0.423084655672
670	0.453533473747
671	0.422605736791
672	0.406984068843
673	0.477426955806
674	0.500699648892
675	0.462965817247
676	0.509440596704
677	0.483441728286
678	0.426732311285
679	0.54348003032
680	0.502929111339
681	0.471748414493
682	0.518976797849
683	0.609558154594
684	0.498000224242
685	0.528225188291
686	0.566536412207
687	0.549726084229
688	0.516020543366
689	0.541116261467
690	0.610770340009
691	0.505867308343
692	0.501653633258
693	0.604706296793
694	0.568611783302
695	0.624461445417
696	0.617644013779
697	0.618146188003
698	0.655952864432
699	0.708893288419
700	0.65613512223
701	0.678400287492
702	0.670137287465
703	0.71317391523
704	0.709209731809
705	0.71809183561
706	0.741212221404
707	0.778849858578
708	0.664077821845
709	0.730998501869
710	0.653843333539
711	0.721413058702
712	0.667939446341
713	0.787494769903
714	0.745306522618
715	0.78065289451
716	0.759410838086
717	0.748005605912
718	0.817409884527
719	0.799398225202
720	0.861340529136
721	0.8078443578
722	0.844957711441
723	0.815783366504
724	0.841548281215
725	0.838523395166
726	0.839473618038
727	0.843851292245
728	0.781097373622
729	0.860019546675
730	0.841523457215
731	0.793051916148
732	0.902590827833
733	0.84294687981
734	0.84914402917
735	0.822519136168
736	0.917413648716
737	0.915637169897
738	0.895596515292
739	0.906379108625
740	0.840927349248
741	0.982597364875
742	0.913280283699
743	0.92145695209
744	0.91051216944
745	0.929120115208
746	0.957834834255
747	0.887991523628
748	0.949365710024
749	0.95493443988
750	0.874984650349
751	0.999323704706
752	0.977314520827
753	0.943646297353
754	0.901615817918
755	0.943065644584
756	0.925473631039
757	1.00911046768
758	1.06757859526
759	1.01790727056
760	0.986611653756
761	0.903409947447
762	1.0098472651
763	1.00883658202
764	1.00935930748
765	0.970069378881
766	0.992958493023
767	0.947031421119
768	0.996779757744
769	1.00783886054
770	0.980523277864
771	0.999867912509
772	0.955094973079
773	0.963135327418
774	1.07119596789
775	1.06164136304
776	1.03506735415
777	0.948666634354
778	0.975592771407
779	0.964443426385
780	1.03800599151
781	1.01180626429
782	0.937261256062
783	1.00603663351
784	1.07044753442
785	1.00509240477
786	0.975802271226
787	1.11256441024
788	0.88069046924
789	1.01447588004
790	0.944941883811
791	0.919329814157
792	1.00268822865
793	0.968484608132
794	0.923674384776
795	0.996674250698
796	1.00582388988
797	0.973985052082
798	1.02247994877
799	1.01595993416
800	0.998800792457
801	1.04473281331
802	1.02428414309
803	0.967282187763
804	0.941377591204
805	0.964951159433
806	0.960646186205
807	0.958716004208
808	1.06503058794
809	0.970137290274
810	0.90389464605
811	0.845867994394
812	1.01498255977
813	0.895238274454
814	0.966178105417
815	0.917602500098
816	0.97822085692
817	0.91909481756
818	1.00539462594
819	0.927190402745
820	0.976106662055
821	0.967709355632
822	0.916125872551
823	0.940214795893
824	0.967770828065
825	1.01065363175
826	0.823418203248
827	0.954980204945
828	0.886821730959
829	0.898362856535
830	0.996193222868
831	0.92641285094
832	0.937788226321
833	0.869824396639
834	0.829442440169
835	0.856355893509
836	0.989927851726
837	0.873858483924
838	0.884915389642
839	0.904145829229
840	0.894533856986
841	0.904958286391
842	0.818121743987
843	0.848456104508
844	0.881042958825
845	0.90991165209
846	0.77920759502
847	0.799678030177
848	0.875155942034
849	0.878466816557
850	0.803679626583
851	0.782085985284
852	0.804012908215
853	0.821447242855
854	0.753854793795
855	0.686693137779
856	0.848695969628
857	0.825214261937
858	0.795861443007
859	0.771722279293
860	0.737310742843
861	0.81630497524
862	0.667758577187
863	0.768115957584
864	0.798132153024
865	0.68607639305
866	0.704456678135
867	0.754806800754
868	0.748743799042
869	0.735068199551
870	0.599995336253
871	0.638343383073
872	0.62223215424
873	0.580483819498
874	0.685827062477
875	0.62860648695
876	0.610628745693
877	0.565332972602
878	0.598522493806
879	0.536828724816
880	0.593948240022
881	0.513161286537
882	0.537380625741
883	0.651976000243
884	0.41762737849
885	0.611240404292
886	0.459166691935
887	0.49958411485
888	0.543174916791
889	0.462499758894
890	0.47573834929
891	0.514334661019
892	0.511586329529
893	0.473331272283
894	0.470204072338
895	0.440829225004
896	0.45370013041
897	0.459549054808
898	0.447939764659
899	0.333148880206
900	0.399324916875
901	0.366750347311
902	0.37282909354
903	0.41773164818
904	0.367972778621
905	0.416165308865
906	0.422544091739
907	0.313585334371
908	0.302463283343
909	0.336905523248
910	0.320530391726
911	0.264524427358
912	0.275411871116
913	0.263407358762
914	0.312938776236
915	0.303602535757
916	0.204617970991
917	0.25385169267
918	0.257979715894
919	0.175444502656
920	0.328691723427
921	0.18287575866
922	0.247391506137
923	0.0686984641558
924	0.087438043612
925	0.21757429076
926	0.124751206947
927	0.181735265973
928	0.091642831403
929	0.123066495967
930	0.0873836077729
931	0.194019173773
932	0.12276802451
933	0.0957834928749
934	0.0615743410743
935	0.132988470461
936	0.0749848633454
937	0.125134758456
938	-0.0383291648738
939	0.00650482232675
940	0.0318762760685
941	0.0556760652408
942	-0.00424516828044
943	-0.0157969470416
944	-0.0155994932413
945	-0.0127746610849
946	-0.0471996314673
947	-0.0344361006522
948	-0.028442808826
949	-0.0424122828849
950	-0.196063850371
951	-0.088554060155
952	-0.0746165824081
953	-0.117391327553
954	-0.131847771716
955	-0.121771715049
956	-0.0379363164625
957	-0.138077855322
958	-0.226943958967
959	-0.106335056603
960	-0.156670051474
961	-0.246516091677
962	-0.224028463459
963	-0.249258823178
964	-0.252473753836
965	-0.188698160462
966	-0.249638617532
967	-0.266288693056
968	-0.315174940392
969	-0.274570660494
970	-0.246850240037
971	-0.179635289105
972	-0.269408028551
973	-0.235097958892
974	-0.297325784532
975	-0.325282141497
976	-0.29066238668
977	-0.276370817894
978	-0.367442461988
979	-0.280942096126
980	-0.430270498259
981	-0.377930381734
982	-0.369673733567
983	-0.318375021269
984	-0.435355295568
985	-0.346103186217
986	-0.329350469066
987	-0.425780804148
988	-0.467316489574
989	-0.391270727695
990	-0.377120931134
991	-0.397237658259
992	-0.412613486271
993	-0.469271794117
994	-0.540139705728
995	-0.477138707803
996	-0.52065320126
997	-0.527319575698
998	-0.429228201773
999	-0.540564316039
